Color 0 0.803922 0.839216 0.956863 1
Color 1 0.952941 0.545098 0.658824 1
Color 2 0.117647 0.117647 0.180392 1
Color 3 0.0941176 0.0941176 0.145098 1
Color 4 0.423529 0.439216 0.52549 1
Color 5 0.192157 0.196078 0.266667 1
Color 6 0.270588 0.278431 0.352941 1
Color 7 0.192157 0.196078 0.266667 1
Color 8 0.270588 0.278431 0.352941 1
Color 9 0.345098 0.356863 0.439216 1
Color 10 0.192157 0.196078 0.266667 1
Color 11 0.270588 0.278431 0.352941 1
Color 12 0.192157 0.196078 0.266667 0.509804
Color 13 0.117647 0.117647 0.180392 1
Color 14 0.192157 0.196078 0.266667 1
Color 15 0.270588 0.278431 0.352941 1
Color 16 0.423529 0.439216 0.52549 1
Color 17 0.498039 0.517647 0.611765 1
Color 18 0.65098 0.890196 0.631373 1
Color 19 0.580392 0.886275 0.835294 1
Color 20 0.537255 0.862745 0.921569 1
Color 21 0.192157 0.196078 0.266667 1
Color 22 0.270588 0.278431 0.352941 1
Color 23 0.270588 0.278431 0.352941 1
Color 24 0.192157 0.196078 0.266667 1
Color 25 0.270588 0.278431 0.352941 1
Color 26 0.345098 0.356863 0.439216 1
Color 27 0.65098 0.890196 0.631373 1
Color 28 0.580392 0.886275 0.835294 1
Color 29 0.537255 0.862745 0.921569 1
Color 30 0.796078 0.65098 0.968627 1
Color 31 0.952941 0.545098 0.658824 1
Color 32 0.980392 0.701961 0.529412 1
Color 33 0.423529 0.439216 0.52549 1
Color 34 0.192157 0.196078 0.266667 1
Color 35 0.270588 0.278431 0.352941 1
Color 36 0.345098 0.356863 0.439216 1
Color 37 0.270588 0.278431 0.352941 1
Color 38 0.345098 0.356863 0.439216 1
Color 39 0.423529 0.439216 0.52549 1
Color 40 0.423529 0.439216 0.52549 1
Color 41 0.270588 0.278431 0.352941 1
Color 42 0.952941 0.545098 0.658824 1
Color 43 0.921569 0.627451 0.67451 1
Color 44 0.980392 0.701961 0.529412 1
Color 45 0.976471 0.886275 0.686275 1
Color 46 0.921569 0.627451 0.67451 1
Color 47 0.796078 0.65098 0.968627 1
Color 48 0.498039 0.517647 0.611765 1
Color 49 0.65098 0.678431 0.784314 1
Color 50 0.729412 0.760784 0.870588 1
Color 51 0.537255 0.705882 0.980392 1
Color 52 0.454902 0.780392 0.92549 1
Color 53 0.952941 0.545098 0.658824 1
Color 54 0.8 0.8 0.8 0.2
Color 55 0.8 0.8 0.8 0.35
Color 56 0.8 0.8 0.8 0.2
Color 57 0.8 0.8 0.8 0.35
WindowBorderEnabled 1
Alpha 1
DisabledAlpha 0.6
WindowPadding 6 6
WindowRounding 10
WindowBorderSize 1
WindowMinSize 32 32
WindowTitleAlign 0 0.5
WindowMenuButtonPosition 0
ChildRounding 4
ChildBorderSize 1
PopupRounding 2
PopupBorderSize 1
FramePadding 4 2
FrameRounding 4
FrameBorderSize 1
ItemSpacing 10 4
ItemInnerSpacing 4 4
CellPadding 4 2
TouchExtraPadding 0 0
IndentSpacing 24
ColumnsMinSpacing 6
ScrollbarSize 12
ScrollbarRounding 4
GrabMinSize 14
GrabRounding 4
LogSliderDeadzone 4
TabRounding 4
TabBorderSize 0
TabMinWidthForCloseButton 0
DisplayWindowPadding 19 19
DisplaySafeAreaPadding 3 3
MouseCursorScale 1
AntiAliasedLines 1
AntiAliasedLinesUseTex 1
AntiAliasedFill 1
CurveTessellationTol 1.25
CircleTessellationMaxError 0.1